%YAML:1.0

cam0:
  T_imu_cam: #rotation from camera to IMU R_CtoI, position of camera in IMU p_CinI
    - [1.000,  0.000,  0.000,  0.000]
    - [0.000,  0.000,  1.000,  0.000]
    - [0.000, -1.000,  0.000,  0.000]
    - [0.000,  0.000,  0.000,  1.000]
  cam_overlaps: [1]
  camera_model: pinhole
  intrinsics: [256.0, 256.0, 256.0, 256.0]   # fu, fv, cu, cv
  distortion_model: radtan
  distortion_coeffs: [0.0, 0.0, 0.0, 0.0]
  resolution: [512, 512]
  rostopic: /cam0/image_raw
cam1:
  T_imu_cam: #rotation from camera to IMU R_CtoI, position of camera in IMU p_CinI
    - [1.000,  0.000,  0.000,  0.000]
    - [0.000,  0.000,  1.000,  0.000]
    - [0.000, -1.000,  0.000,  0.000]
    - [0.000,  0.000,  0.000,  1.000]
  cam_overlaps: [0]
  camera_model: pinhole
  intrinsics: [256.0, 256.0, 256.0, 256.0]   # fu, fv, cu, cv
  distortion_model: radtan
  distortion_coeffs: [0.0, 0.0, 0.0, 0.0]
  resolution: [512, 512]
  rostopic: /cam1/image_raw
